26 119
158 202
0 1
0 12
1 2
2 3
3 4
4 5
4 13
5 6
6 7
7 8
8 9
8 14
9 10
10 11
11 15
12 16
13 17
14 18
15 19
16 20
17 22
18 24
19 25
20 29
21 31
22 33
23 36
24 37
25 40
26 27
27 28
28 29
29 30
29 42
30 31
31 32
31 43
32 33
33 34
34 35
35 36
36 44
36 37
37 38
37 45
38 39
39 40
40 41
40 46
41 47
42 51
43 53
44 58
45 59
46 62
47 63
48 49
48 64
49 50
50 51
51 52
51 65
52 53
52 66
53 54
53 67
54 55
55 56
56 57
57 58
58 59
58 68
59 60
59 69
60 61
61 62
62 63
62 70
64 71
65 66
65 73
66 67
66 74
67 75
68 69
68 76
69 77
70 78
71 72
71 79
72 80
73 74
73 81
74 75
74 82
75 83
76 77
76 88
77 89
78 91
79 80
79 92
80 93
81 82
81 94
82 83
82 95
83 84
84 85
85 86
85 96
86 87
86 97
87 88
87 98
88 89
88 99
89 90
89 100
90 101
91 103
92 93
92 104
93 105
94 95
94 107
95 108
96 97
96 111
97 98
97 112
98 99
98 113
99 100
99 114
100 101
100 115
101 102
101 116
102 103
102 117
103 118
104 105
104 120
105 106
105 121
106 107
107 108
108 109
108 122
109 110
110 111
111 112
112 113
113 114
114 115
115 116
115 123
116 117
117 118
118 119
118 124
120 121
120 125
121 126
122 129
123 136
124 139
125 126
126 127
126 141
127 128
128 129
129 130
130 131
131 132
132 133
132 142
133 134
134 135
135 136
136 137
137 138
138 139
139 140
139 143
141 144
142 150
143 157
144 145
145 146
146 147
147 148
148 149
149 150
150 151
151 152
152 153
153 154
154 155
155 156
156 157